qs =

   -1.3325    0.8770    0.2162
   -1.4013    1.3635   -0.0962
    0.0968   -1.1627   -1.5334
